0.785398, 3, -1.055851, 0.785403, -0.000028, 0.000030, 0.785399
0.773328, 3, -1.056349, 0.785399, -0.000007, 0.000007, -2.356192
0.761259, 3, -1.056846, 0.785398, -0.000001, 0.000002, 0.785398
0.749189, 3, 1.057324, 0.785388, 0.000027, -0.000007, 0.785410
0.737119, 3, -1.057793, -0.785384, -0.000010, -0.000006, -0.785390
0.725049, 3, -1.058247, 0.785398, 0.000001, -0.000001, 0.785399
0.712979, 3, 1.058684, 0.785396, -0.000008, 0.000009, 0.785396
0.700909, 3, -1.059120, -0.785404, -0.000007, 0.000009, -0.785404
0.688840, 3, -1.059537, -0.785400, 0.000001, 0.000002, -0.785401
0.676770, 3, 1.059939, 0.785413, 0.000012, -0.000001, -2.356198
0.664700, 3, 1.060337, -0.785398, -0.000001, -0.000002, -0.785399
0.652630, 3, -1.060721, 0.785404, -0.000022, 0.000018, 0.785387
0.640560, 3, -1.061094, -0.785399, -0.000002, 0.000000, -0.785399
0.628491, 4, -0.789885, 0.785427, 0.000057, -0.000075, 0.000130, 0.785347
0.616421, 4, -0.790604, 3.926962, 3.141635, -0.000043, 0.000012, 0.785367
0.604351, 4, -0.791296, -0.785380, -0.000066, 0.000049, -0.000016, -0.785403
0.592281, 4, -1.047428, 2.356459, -0.001274, 1.570924, 0.001331, 0.785042
0.580211, 4, 1.047272, 2.356082, 0.000282, 1.570898, -0.000279, -2.356214
0.568142, 4, 1.047232, -2.356210, 0.000060, 1.570805, -0.000059, 2.356134
0.556072, 4, 1.047200, -0.785389, -0.000015, -1.570793, 0.000019, 0.785393
0.544002, 4, -1.047230, 0.785435, -0.000159, 1.570769, 0.000155, -0.785423
0.531932, 4, 0.795116, -0.785391, -0.000020, 0.000010, -0.000002, 2.356196
0.519862, 4, 0.795686, -0.785380, -0.000039, 0.000014, 0.000009, -0.785407
0.507792, 4, 1.047207, -0.785438, 0.000114, -1.570807, -0.000126, 0.785430
0.495723, 4, -0.796788, 0.785399, 0.000009, 0.000005, 0.000003, 0.785401
0.483653, 4, 0.797311, 2.355947, 0.000609, -0.000635, 0.000622, -0.785648
0.471583, 4, 0.797817, 0.785399, 0.000005, -0.000004, 0.000008, 0.785397
0.459513, 4, 0.798306, -0.785397, -0.000011, 0.000010, -0.000010, -0.785393
0.447443, 4, -1.047205, 0.785396, -0.000002, 1.570821, -0.000030, 2.356200
0.435374, 4, -1.047199, -0.785384, -0.000046, 1.570809, 0.000038, 0.785397
0.423304, 4, -1.047198, -0.785399, 0.000003, -1.570797, -0.000003, 0.785399
0.411234, 5, 0.637022, 0.785732, -0.000935, 0.001596, -0.001576, 0.000926, 0.785078
0.399164, 5, 0.997943, -0.998532, 0.453283, -0.981295, -0.981294, 0.453275, 0.572267
0.387094, 5, -0.989955, 0.579022, 0.446227, -0.979730, -0.979737, 0.446212, -0.991778
0.375025, 5, 1.043071, -2.356202, 0.000014, -1.570767, 1.570794, -0.000047, 0.785406
0.362955, 5, -1.042584, -0.785404, 0.000015, 1.570792, -1.570800, -0.000004, 2.356196
0.350885, 5, -1.042124, -0.785397, -0.000003, -1.570802, 1.570795, 0.000007, -0.785400
0.338815, 5, 1.041686, 0.785406, -0.000009, -1.570811, 1.570819, -0.000001, -2.356192
0.326745, 5, 1.041273, -2.356188, -0.000025, 1.570777, 1.570811, 0.000032, 0.785391
0.314675, 5, 1.040880, -2.356203, -0.000034, -1.570804, 1.570823, 0.000035, 0.785391
0.302606, 6, 0.846476, -0.888071, 0.175808, -0.915290, 1.715838, 2.226235, -2.965770, -0.888045
0.290536, 6, -0.847320, -0.886367, 0.175988, -0.915993, 1.717644, -0.916110, 0.176019, -0.886385
0.278466, 6, -0.848099, 0.884850, -0.176408, 0.916839, -1.719226, 0.916853, -0.176412, 0.884874
0.266396, 6, 0.848844, -0.883410, 0.176745, -0.917595, 1.720751, -0.917600, 0.176758, 2.258173
0.254326, 6, 1.017465, -0.785396, 0.000006, 1.570783, -1.570826, -1.570778, 0.000012, 0.785395
0.242257, 7, 0.775753, 0.670121, 0.319803, -0.708772, 1.296113, 1.296047, -0.708814, 0.319898, -0.900735
0.230187, 7, -1.037011, 0.785398, 0.000002, 1.570793, -1.570804, 1.570811, -1.570793, -0.000009, -2.356196
0.218117, 7, 1.035753, 0.785413, -0.000056, 1.570756, -1.570810, 1.570819, -1.570732, 0.000026, 0.785379
0.206047, 8, -1.016778, -0.785484, 0.000106, -1.570662, 1.570937, 1.570926, 1.570753, 1.570397, -0.000034, 0.785458
0.193977, 8, 0.820152, 0.694260, 0.183173, -0.902096, 1.599139, -1.556360, 1.599112, -0.902063, 0.182726, 0.694511
0.181908, 8, 0.821156, -0.695856, -0.181521, 0.907163, -1.601285, -1.594543, 1.540333, 0.907135, -0.181464, 2.445702
0.169838, 9, -0.755447, 2.451579, -0.234141, -2.389664, 1.501906, 1.433623, 1.871018, -1.251674, -2.413300, -0.253207, 0.852186
0.157768, 9, -1.032157, -0.785409, 3.141741, 1.570851, 1.570660, -1.570901, -1.570830, -1.570875, 1.570892, 0.000060, -0.785405
0.145698, 10, 0.655475, -0.785541, 0.000600, -0.001726, 1.570189, -1.571618, -1.570819, -1.570827, 1.570979, 0.003043, -0.000742, 0.785656
0.133628, 11, -0.700780, -2.398926, 0.194506, -0.571054, 1.317643, -1.787865, -1.471656, -1.471575, 1.353687, 1.318394, -0.569912, 0.194109, -0.828069
0.121558, 12, 0.644756, 0.785213, 0.000182, -0.001602, -1.570078, -1.568822, 1.571279, 1.571421, 1.570543, -1.572424, -1.571082, 3.141265, 0.000695, -0.785724
0.109489, 13, -0.665695, 0.764929, 0.161350, -0.458026, -1.815974, -1.743304, 1.534372, 1.541817, 1.548945, 1.540241, -1.744216, -1.814078, -0.455888, 0.161168, -0.806439
0.097419, 14, 0.671028, -0.800100, 0.146982, 2.662364, -1.768165, -1.724507, 1.524829, 1.528228, -1.591067, -1.608426, 1.526049, 1.413943, -1.766989, -0.475579, 0.146712, -0.800348
0.085349, 16, -0.608500, -0.808203, -0.200901, 0.520366, -1.035348, 1.860802, 1.788081, -1.450693, -1.474966, -1.499131, -1.480455, 1.688616, 1.788345, -1.278117, -1.032499, 0.521412, -0.201846, 0.762805
0.073279, 18, -0.631509, 0.785348, 0.000317, -0.000990, -1.571993, -1.571512, -1.569745, -1.570040, 1.571013, 1.571299, 1.569931, 1.569984, 1.571298, 1.570296, -1.571103, -1.570852, -1.570803, 0.002597, -0.000824, -0.785056
0.061209, 21, -0.627503, 0.785229, -0.000219, 0.003660, 1.572368, -1.575477, -1.574370, 1.574416, -1.565444, -1.571247, -1.573148, -1.570694, 1.573042, 1.570626, -1.572646, 1.571120, 4.713424, -1.568373, -1.570081, 1.567540, -0.004929, 0.000787, 0.785319
0.049140, 25, -0.594861, 0.766250, -0.087918, 3.473978, 1.930365, -1.462816, -1.483752, -1.582495, -1.581259, 1.561032, 1.559271, 1.613514, -1.531419, -1.569750, -1.562464, -1.593297, 1.547773, 1.576427, 1.573772, -1.545229, -1.547064, -1.502425, -1.481079, 1.929360, 3.472618, -0.086837, -0.804975
0.037070, 33, -0.539289, -0.783002, 0.003851, 0.212752, -4.167773, -1.840996, 1.290642, 1.532187, 1.496016, 1.508971, 1.583104, -1.539769, -1.602592, -1.678952, -1.637205, 1.630174, 1.670617, 1.577563, 1.541418, 1.582160, 1.563184, -1.622647, -1.630122, -1.569858, -1.548226, 1.580611, 1.531544, 1.501401, 1.507237, -1.901616, -1.817323, -0.989365, 0.218364, -0.004220, -0.780099
0.025000, 47, -0.410959, 3.908763, -0.011661, -3.307284, -2.616686, -0.856277, 2.035111, 4.794008, 1.237867, -1.402256, -1.173198, -1.667073, -1.661490, 1.928803, 1.472996, 1.160181, -1.580712, -1.356948, -1.551324, -1.599154, 1.610894, 1.586014, 1.598855, -1.501992, -1.494500, -1.513336, -1.605848, 1.584645, 1.764270, 1.680456, -1.639182, -1.657790, -1.568455, -1.545942, 1.457227, 1.464480, 1.660471, -1.521770, -1.733184, -1.633230, -1.127288, 1.850596, 2.465988, 1.810401, -0.576196, -2.933667, -3.250667, -0.042060, 2.357392
