0.785398, 3, -1.055847, 0.785392, 0.000007, -0.000004, 0.785395
0.773328, 3, -1.056351, 0.785386, 0.000032, -0.000019, 0.785397
0.761259, 3, -1.056848, 0.785397, -0.000009, 0.000005, 0.785395
0.749189, 3, 1.057326, 0.785398, 0.000004, -0.000003, -2.356194
0.737119, 3, 1.057792, -0.785399, -0.000007, 0.000011, 2.356194
0.725049, 3, 5.224939, -0.785398, -0.000002, -0.000001, -0.785401
0.712979, 3, -1.058688, -0.785400, 0.000004, -0.000002, -0.785396
0.700909, 3, -1.059119, -0.785398, 0.000001, -0.000000, -0.785399
0.688840, 3, -1.059538, 0.785404, 0.000011, 0.000013, -2.356230
0.676770, 3, 1.059940, 0.785392, 0.000001, 0.000002, 0.785393
0.664700, 4, -0.787619, -0.785188, -0.000259, 0.000226, -0.000231, -0.785280
0.652630, 4, -0.788482, 0.785520, -0.000139, 0.000058, 0.000189, 0.785222
0.640560, 4, 1.118731, -2.278379, -0.341883, 1.573301, 0.340510, -0.864530
0.628491, 4, 0.789896, 0.785470, -0.000149, 0.000146, -0.000158, 0.785466
0.616421, 4, -1.048455, 0.800421, -0.039856, 1.557220, 0.049724, -0.795172
0.604351, 4, -0.791300, 0.785400, -0.000013, -0.000001, 0.000006, 0.785397
0.592281, 4, -0.791974, 0.785394, 0.000046, 0.000006, -0.000082, 0.785435
0.580211, 4, 0.792643, 0.785390, 0.000027, 0.000004, -0.000047, 0.785428
0.568142, 4, 0.793285, -0.785398, -0.000001, 0.000002, -0.000003, -0.785396
0.556072, 4, -0.793915, -0.785423, 0.000077, -0.000057, 0.000032, -0.785409
0.544002, 4, 0.794522, -0.785394, 0.000000, 0.000003, -0.000007, -0.785396
0.531932, 4, 1.047200, -0.785413, 0.000060, -1.570805, -0.000052, 0.785404
0.519862, 4, 0.795688, -0.785365, -0.000092, 0.000055, -0.000035, 2.356197
0.507792, 4, 1.047201, -0.785417, -0.000021, 1.570803, 0.000007, 0.785377
0.495723, 4, -0.796787, -0.785398, 0.000001, 0.000001, -0.000000, -0.785399
0.483653, 4, 1.047194, 0.785405, -0.000027, 1.570808, 0.000026, -0.785406
0.471583, 4, 1.047198, -0.785399, -0.000000, -1.570794, -0.000001, 0.785397
0.459513, 4, 1.047197, -0.785398, 0.000000, 1.570799, -0.000001, 0.785398
0.447443, 4, -1.047193, 3.926980, -6.283216, 4.712458, -3.141531, 2.356158
0.435374, 5, -1.045901, -0.785730, 0.005757, -1.576097, 1.565437, 0.004923, -0.785344
0.423304, 5, -1.016714, -0.557243, -0.468957, 0.984321, 0.984577, -0.468791, 1.013538
0.411234, 5, 1.044712, -0.785259, -0.000405, -1.571023, 1.570967, 0.000458, 2.356059
0.399164, 5, -0.997946, -0.998530, 0.453282, -0.981291, -0.981303, 0.453281, 0.572269
0.387094, 5, -0.989961, -0.579011, -0.446211, 0.979753, -2.161860, -0.446246, 0.991787
0.375025, 5, 1.043082, 0.785378, 0.000069, 1.570724, -1.570899, 0.000236, 0.785402
0.362955, 5, 0.976395, -0.591097, -0.433532, 0.976769, 0.976792, -0.433514, 0.979683
0.350885, 5, -1.042124, -0.785398, -0.000002, 1.570796, -1.570795, 0.000000, -0.785399
0.338815, 5, 1.041684, -0.785392, -3.141597, -1.570827, -1.570792, 0.000034, -0.785416
0.326745, 6, 0.844727, 0.891945, -0.175769, 0.913925, -1.711880, 0.913980, -0.175713, -2.249689
0.314675, 6, -0.845595, -0.680945, -0.175632, -2.227040, 1.427695, 0.914565, -0.175632, -0.680940
0.302606, 6, 1.028214, -0.785396, 3.141604, 1.570789, -1.570797, -1.570788, -0.000011, 0.785389
0.290536, 6, 1.025229, -0.785417, 0.000099, -1.570748, 1.570735, 1.570789, -0.000076, 0.785434
0.278466, 6, -0.848095, -2.256758, -0.176350, 0.916795, -1.719238, 0.916832, -0.176335, -2.256759
0.266396, 6, -1.019874, -0.785392, -0.000201, -1.570510, 1.570862, 1.570471, 0.000175, 0.785386
0.254326, 7, 1.039844, 0.785391, -3.141551, 1.570762, -1.570791, -1.570784, 4.712389, -0.000029, -5.497777
0.242257, 7, -0.775787, 0.670066, 0.319904, -0.708856, 1.296124, 1.296113, -0.708854, 0.319940, -0.900749
0.230187, 7, -1.037008, 0.785379, 0.000167, -1.570763, 1.570656, -1.570786, 1.570857, -0.000129, 0.785415
0.218117, 8, -0.817049, -0.879162, 0.185710, -0.887437, 1.593218, 1.559382, -1.548567, -0.887267, 0.186327, -0.879421
0.206047, 8, 1.016772, -0.785355, 0.000052, 1.570527, -1.570986, -1.570732, 1.570907, -1.570678, 0.000124, 0.785335
0.193977, 8, -1.011558, 2.356326, -0.000489, 1.570592, -1.570644, -1.570861, -1.570829, 1.571210, 0.000202, 0.785292
0.181908, 9, 1.036387, -0.785375, -0.000441, 1.570501, -1.570156, -1.570099, 1.570391, 1.570525, 1.571093, 3.141357, 2.356212
0.169838, 9, -0.656124, -0.751132, -0.070904, 0.267271, 1.411176, -1.768964, -1.372646, 1.729809, -0.266499, 0.070480, -0.819433
0.157768, 10, -0.654626, 2.356431, -0.000220, -0.000103, -1.571775, 1.569739, 1.571339, 1.571299, -1.570788, 0.001215, -0.000277, 0.785440
0.145698, 10, 0.735678, -0.844411, 0.166908, -0.650966, -1.633404, -1.636325, 1.570505, 1.636769, 1.633614, -2.491256, -0.166279, -2.297437
0.133628, 11, -1.027266, 0.790682, -0.034776, 1.515311, -1.497208, -1.490885, 1.493582, 1.499040, -1.511717, -1.519887, 1.555008, -0.008267, -2.359609
0.121558, 12, -0.706614, -0.750878, -0.168805, 0.592696, -1.419081, -1.428113, 1.591631, 1.603149, -1.548445, -1.428289, 1.721629, 0.592935, -0.169180, -0.750642
0.109489, 13, -0.630045, -0.785286, -0.000538, 0.001762, -1.564804, 1.577564, 1.554136, -1.587484, -1.552636, 1.587731, 1.562109, -1.578810, 0.000416, 0.000565, -0.785535
0.097419, 15, 0.627222, 0.762240, -0.217774, 0.588630, -1.071657, -1.253797, 1.774136, 1.701836, -1.477841, -1.480089, -1.442136, 1.774385, 1.888405, -1.071292, 0.588703, -0.218273, 0.762535
0.085349, 16, 0.648488, -0.782923, -0.129713, 0.402900, -1.344081, -1.418580, 1.635475, -1.526911, 1.590063, -1.549037, -1.551004, 1.615434, -1.505993, 1.722209, 1.796961, 0.403012, -0.129627, 2.358666
0.073279, 19, -0.578570, -0.757301, 0.174993, -0.446878, -2.154521, -1.855554, 1.355209, 1.464382, -1.649000, -1.609961, -1.602774, -1.605870, 1.528875, 1.491582, 1.461599, 1.354525, 1.288545, 0.990456, -0.444950, 0.173921, -0.757066
0.061209, 22, -0.550623, -0.812824, -0.143894, 0.357987, -0.894246, -1.322652, -1.337765, -1.485462, 1.641417, 1.601623, 1.598660, -1.556291, -1.555542, -1.557817, -1.545750, -1.542770, 1.645161, 1.660746, 1.804302, 1.818860, -0.893565, 0.358505, -0.144921, 0.758391
0.049140, 27, 0.600089, -0.778008, 0.026748, -0.217253, 1.316974, 1.695094, -1.456634, -1.572501, 1.557246, 1.533552, 1.550529, 1.598575, -1.542764, -1.570289, -1.560412, -1.597137, -1.581582, -1.542528, 1.572005, 1.561052, 1.572077, 1.594641, -1.535300, -1.700659, 1.433525, -1.317895, 0.208118, -0.023913, -0.793472
0.037070, 35, 0.462646, -0.810595, 0.036742, 0.076792, -0.227298, -1.682687, 1.454253, 1.448477, 1.469646, 1.601503, 1.508919, -1.569062, -1.632717, -1.623599, -1.502565, 1.774474, 1.728922, 1.795349, 1.690915, 1.132242, 1.209498, 0.807076, -1.520948, -1.001903, -1.507609, -1.654252, -1.610966, -1.538149, 1.528019, 1.481621, 1.536388, -1.736934, -1.740446, -0.151697, -0.044221, -0.003273, 0.840890
0.025000, 50, 0.362459, 0.790948, -0.040705, 0.051346, -0.085898, 2.822049, 1.462320, -0.864974, -1.287119, -0.661051, -1.362659, -1.213119, 1.294245, 0.682845, 1.511642, -0.952799, -0.807429, -1.292629, -0.244538, 1.489825, 0.317566, 1.395211, 0.491523, -1.514269, -0.799665, -0.872680, -1.362798, 0.527922, 1.236232, 0.970742, 1.196083, 1.196776, 1.355439, -1.482631, -0.602913, -1.393548, 0.825240, 1.370499, 1.094243, 1.438088, 1.320581, 1.802016, -1.328751, -1.346797, -1.454953, -1.546930, -1.573201, -0.196894, 0.000355, 0.005071, -0.032317, 2.390403
