0.785398, 3, 1.055853, 0.785404, 0.000007, -0.000011, 0.785395
0.773328, 3, 1.056361, 0.785413, -0.000028, 0.000015, 0.785400
0.761259, 3, -1.056846, 0.785400, -0.000002, 0.000010, 0.785394
0.749189, 3, 1.057330, 2.356190, -0.000019, 0.000053, 2.356193
0.737119, 4, -0.782766, -0.785448, 0.000021, 0.000002, -0.000074, -0.785159
0.725049, 4, 1.447145, -0.721976, -0.714465, 1.543323, 0.717379, 0.744688
0.712979, 4, -0.786986, -2.396602, 0.076807, -0.062542, 0.067662, 0.750588
0.700909, 4, -1.351148, -0.862165, 0.649712, 1.552301, -0.648342, 0.879160
0.688840, 4, -0.787079, 0.760460, 0.049325, -0.044809, 0.050933, 0.761913
0.676770, 4, -1.279900, 0.884100, -0.587837, 1.564994, 0.587039, -0.879801
0.664700, 4, -5.495518, -2.356349, 0.000311, -0.000469, 0.000864, -2.356730
0.652630, 4, 1.185071, 2.451833, -0.472467, 1.571054, 0.474108, 0.688581
0.640560, 4, 1.525614, -3.933982, 2.349493, -1.573492, 2.349490, -0.792391
0.628491, 4, 0.789901, -0.785377, 0.000007, 0.000093, -0.000216, -0.785287
0.616421, 4, 1.051695, 0.814653, -0.105381, 1.555631, 0.114223, 2.328389
0.604351, 4, -1.046396, -0.790524, 0.016995, -1.570723, -0.017192, 0.788601
0.592281, 4, 0.791978, 0.785393, 0.000020, -0.000030, 0.000051, -2.356213
0.580211, 4, 1.047243, 0.785302, 0.000475, -1.571052, -0.000267, -0.785203
0.568142, 4, 1.047243, 0.785584, -0.000554, 1.570875, 0.000587, -0.785546
0.556072, 4, 0.793911, -0.785036, -0.000849, 0.000816, -0.000807, -0.785050
0.544002, 4, 0.794521, 2.356176, 0.000021, -3.141577, -3.141648, -0.785377
0.531932, 4, 1.047198, 0.785399, -0.000007, 1.570798, 0.000004, 2.356197
0.519862, 4, -1.047197, -0.785398, 0.000003, 1.570796, -0.000003, 0.785399
0.507792, 4, -1.047189, -0.785394, 0.000023, 1.570783, -0.000023, 0.785401
0.495723, 4, 1.047201, -2.356192, -0.000008, -1.570793, 0.000003, -0.785402
0.483653, 5, -0.633996, -0.805620, 0.047669, -0.064554, 0.064561, -0.047677, -0.765183
0.471583, 5, -0.633855, -0.777109, -0.020110, 0.028443, -0.028456, 0.020107, -0.793675
0.459513, 5, 1.062399, -0.701112, -0.267418, 1.433062, -1.457536, 0.294451, -0.871813
0.447443, 5, -1.046746, 0.786846, 0.014060, -1.592320, -1.588399, 0.025328, 0.783771
0.435374, 5, 1.027687, 0.548965, 0.477283, -0.985967, -0.986028, 0.477253, -1.021827
0.423304, 5, 1.016739, 0.557254, 0.468820, -0.984463, -0.984459, 0.468820, -1.013533
0.411234, 5, -1.044689, 0.785437, -0.000074, -1.570851, 1.570833, 0.000094, 0.785363
0.399164, 5, -1.044129, 0.785407, -0.000028, 1.570798, -1.570801, 0.000031, 0.785389
0.387094, 5, 1.043587, 2.356205, -0.000027, 1.570760, -1.570795, 0.000062, -0.785415
0.375025, 6, -0.727040, 0.792197, -0.006144, -0.111615, 1.569439, 0.112598, 0.005503, -0.791564
0.362955, 5, 1.042586, -2.356186, -0.000010, 1.570806, -1.570814, 0.000009, 0.785404
0.350885, 6, 1.042030, -0.771806, -0.041152, 1.533263, 1.584000, 1.616187, 0.020080, -2.369996
0.338815, 6, -0.843752, -0.894122, 0.176126, 2.228224, -1.432251, -0.913368, 0.176192, -0.894077
0.326745, 6, -1.034825, 0.785391, 0.000084, 1.570674, 1.570684, -1.570631, 0.000008, -0.785410
0.314675, 6, -0.845603, 0.889864, -0.175601, 0.914548, -1.713939, 0.914548, -0.175577, 0.889855
0.302606, 6, 0.846483, -0.888131, -2.965614, 2.226285, 1.715713, -0.915430, 0.175944, -0.888105
0.290536, 6, -1.025233, 7.068579, 3.141609, 4.712359, -4.712408, 4.712441, -9.424797, -0.785397
0.278466, 7, 5.240028, 0.785235, 0.000169, -1.569743, 1.570857, -1.571781, 1.570432, -3.141455, -2.356023
0.266396, 7, 0.633176, 3.927284, -0.001083, -0.003597, -1.562951, -1.562753, -0.013701, 0.004704, 0.783205
0.254326, 7, 0.656790, -0.828018, 0.068878, -0.264595, -1.324785, 1.816826, -0.264548, 0.068698, -0.827902
0.242257, 7, 1.038368, 0.785403, 0.000005, 1.570833, -1.570784, 1.570789, -1.570831, -0.000010, 0.785389
0.230187, 8, 0.815410, -0.880988, 0.188190, 2.261967, -4.693655, 1.545128, -1.551503, 2.262514, 0.187731, -0.880831
0.218117, 8, 0.817251, -2.450020, 0.186184, 2.252548, -1.549723, -1.581007, 1.594805, 2.254234, 0.186361, -2.450488
0.206047, 8, 1.016799, -0.785411, -0.000061, 1.570941, -1.570696, -1.570666, -1.570884, 1.570501, 0.000071, 0.785420
0.193977, 9, -0.645990, -2.365858, -3.140596, -0.070387, -1.387210, 1.774530, 1.366380, -1.756979, 0.074037, -0.002310, 0.795876
0.181908, 9, -1.036375, -0.785368, 3.141283, -1.570980, -1.570287, 1.571330, -1.571185, -1.571276, 1.570894, 0.000155, -0.785377
0.169838, 10, 5.559555, -0.728392, -0.159692, 0.598898, 1.630639, 1.634822, -1.569709, -1.635405, -1.631782, -0.598151, 0.159460, 0.728525
0.157768, 11, -0.701223, 2.398139, -0.199423, -2.573115, -1.288619, -1.328460, 1.428041, 1.429190, 1.810893, -1.294620, 0.564396, -0.197757, -2.314100
0.145698, 11, 0.700310, 0.743124, 0.196475, -0.566540, 1.304059, 1.342125, -1.452236, -1.452932, 1.342142, 1.304990, -0.566217, 0.196552, -0.827825
0.133628, 12, -0.706798, 0.750341, 3.313553, -3.732939, -1.727852, 1.423181, -1.586351, -1.595445, 1.552766, 1.422595, -1.728718, -0.592406, 3.314187, 0.750278
0.121558, 13, -0.664584, 0.764772, 0.164591, -0.453553, 1.308797, 1.388298, 1.554785, 1.563994, -1.592408, -1.600533, -1.751948, 1.308101, -0.454943, 0.166234, 2.335467
0.109489, 14, 0.638544, 2.356538, -0.001533, 0.002998, 1.572834, -1.569460, -1.570094, 1.572593, 1.571282, 1.570770, -1.571038, -1.571557, 1.569510, -0.007496, 0.002884, 0.784342
0.097419, 16, 0.634903, 0.786336, -0.003873, 0.007403, -1.565449, -1.567269, 1.571479, -1.569005, 1.572165, 1.569104, -1.571823, 1.571959, -1.572157, -1.569196, 1.569229, -0.016960, 0.003271, -0.785943
0.085349, 18, 19.482547, 2.350214, 3.021626, 0.366613, 1.827224, 1.713909, 1.649399, 1.613393, 1.587188, -1.558413, -1.567248, 1.580996, 1.586785, -1.529083, -1.494756, 1.718308, 1.830784, -2.780050, -0.118621, -0.792085
0.073279, 20, -0.630197, -2.356763, 0.002304, -0.006869, -1.576723, 1.570091, 1.572233, -1.569326, 1.571819, 1.571217, -1.571693, -1.570952, 1.574467, 1.570814, -1.575300, -1.569796, 1.572797, 1.569870, -1.567019, 3.146136, -0.000727, -3.927311
0.061209, 24, -0.596238, -0.804356, -0.089433, -2.830667, -4.356240, 4.813473, 4.786086, -1.544801, 1.593078, -1.564569, -4.714373, 1.569657, 4.709963, 1.575208, 1.573615, -1.565250, -4.705704, -1.560830, 1.578877, 1.591631, 1.651580, 1.670957, -4.358288, -5.972224, -3.231742, 5.479563
0.049140, 29, -0.555535, 2.353011, -3.167945, 2.941564, -1.967505, 1.881142, -1.270439, 1.681468, -1.478993, 1.607421, 1.601558, -1.577346, 1.557015, -1.576178, 1.566674, -1.555048, 1.583274, 1.567836, -1.572535, 1.587214, -1.556665, 1.566108, -1.574169, 1.622109, -1.509275, -1.385249, 1.783010, -0.966676, 0.353123, -0.129382, 0.758249
0.037070, 38, -0.405358, 2.390092, -0.061238, -0.059394, 0.508102, -0.985474, -0.646379, 1.347453, 0.701309, 1.140230, 1.415125, -0.880373, -1.276810, -0.251094, -1.299218, -0.919017, 1.320889, 1.400596, 1.131617, 0.991789, 0.826268, -1.285789, -1.134174, -0.698336, -1.245997, -0.926792, 1.210045, 1.265641, 1.441918, 1.335056, -0.538742, -1.410803, -0.323659, -0.950925, -1.327311, 0.322909, -0.100137, -0.094868, 0.032240, -0.790926
0.025000, 55, 0.325832, -0.788672, -0.003361, 0.017494, -0.051456, 0.017124, 1.123042, -1.065863, -1.175429, 0.307580, 1.419556, -0.000208, 1.391665, -1.160936, -1.413507, 0.097914, 1.512185, 1.144030, 1.576008, -1.217540, -1.340413, -0.227348, 1.045845, 1.003299, -0.022803, -1.167989, -0.968962, -0.599208, 1.236806, 1.209675, -0.836901, -0.938553, -1.389241, 0.563725, 0.861053, 1.137886, -0.487922, -1.344303, -1.259361, 1.703419, 1.151049, 1.415211, -0.156028, -1.406350, -0.830973, 1.528873, 0.769280, 1.626039, -0.996341, -0.843297, -1.139173, -0.363864, 0.284398, -0.142873, 0.037363, -0.044652, 0.779032
