0.785398, 4, 1.553621, -0.775679, -0.777870, -1.564407, 0.780042, 0.771342
0.773328, 4, 1.568059, -2.357568, 0.788511, -1.560867, 0.784768, 0.778772
0.761259, 4, -1.509902, -0.826493, 0.755138, -1.545833, -0.754555, 0.805928
0.749189, 4, 1.480959, -0.734460, -0.735738, -1.595180, 0.737122, 0.754432
0.737119, 4, 0.782798, -2.357912, 0.003328, -0.002412, 0.001952, 0.784382
0.725049, 4, -0.788535, -0.734762, -0.098088, 0.083530, -0.099542, -0.733819
0.712979, 4, -0.788903, -0.735444, -0.096010, 0.078071, -0.086730, -0.740723
0.700909, 4, 0.785599, 0.771012, 0.029749, -0.037681, 0.056482, 0.757019
0.688840, 4, -0.786767, -0.797520, 0.024993, -0.023159, 0.027844, 2.342206
0.676770, 4, 0.786845, -2.355940, -0.000908, 0.001156, -0.001008, 0.786085
0.664700, 4, 0.787650, -0.785367, -0.000128, 0.000105, -0.000005, -0.785376
0.652630, 4, 0.788464, 0.785545, -0.000337, 0.000214, 0.000022, 0.785499
0.640560, 4, -1.184398, 0.881341, -0.464646, -1.570662, 0.468043, -0.881203
0.628491, 4, 1.085884, -0.844262, 0.259713, 1.560683, -0.254960, 0.851191
0.616421, 4, 1.083023, -0.846678, 0.249118, 1.571285, -0.254555, 0.846276
0.604351, 4, 1.047544, -0.791734, 0.025618, 1.570680, -0.025470, 0.791750
0.592281, 4, -1.047506, 0.781304, 0.015782, 1.571409, -0.016153, -0.781628
0.580211, 4, -1.047257, -0.785499, 0.000577, 1.570752, -0.000533, -2.356021
0.568142, 5, 1.149520, -2.919401, -2.376888, -0.614525, 1.824856, 0.357750, -0.931252
0.556072, 5, 1.193278, -0.441125, -0.572796, 0.977050, 0.990913, -0.564419, 1.121445
0.544002, 5, 0.628776, -0.791071, 0.006823, 0.001996, -0.000209, -0.013377, -0.774810
0.531932, 5, 1.154652, 1.103500, -0.551763, 0.988495, 0.988447, -0.551766, -0.467261
0.519862, 5, 0.630782, -0.775838, -0.020719, 0.024227, -0.024367, 0.020992, -0.795182
0.507792, 6, -1.314076, -0.504682, -1.118611, 1.144083, -0.692937, -1.132139, 0.177686, 0.536325
0.495723, 5, -1.087303, -0.576580, -0.581476, -1.926924, -1.216865, 0.585935, 2.146291
0.483653, 6, 0.566795, 1.028957, -0.410702, 0.231915, -0.011922, -0.219561, 0.465497, 0.496183
0.471583, 5, -1.075937, -0.931634, 0.444083, -1.332342, 1.334534, -0.444945, -0.644106
0.459513, 5, 1.063790, 0.869194, -0.292597, 1.463178, -1.441246, 0.270800, 0.701659
0.447443, 5, 1.046666, -0.783262, 0.014726, 1.543949, -1.591923, 0.033359, -0.788639
0.435374, 5, -1.045953, 0.785362, -0.000946, -1.569553, 1.571822, -0.001376, 0.785479
0.423304, 6, 0.618092, 0.849791, -0.263358, 0.632685, -0.833582, 0.579858, -0.183156, 0.805461
0.411234, 6, -0.808794, 0.882366, -0.082896, 0.536602, 1.303416, -0.216781, -0.378059, -0.495562
0.399164, 6, -0.730711, -0.656264, -0.361252, 0.836525, -1.200271, 0.826731, -0.355718, -0.657109
0.387094, 6, 0.777493, -0.750959, -0.088613, 0.826106, -1.521901, 0.830021, -0.105444, -0.743044
0.375025, 6, -0.724768, 0.775345, 0.021088, -0.065863, -1.570300, 0.062518, -0.013843, -0.780046
0.362955, 6, 0.841944, -0.900581, 0.181858, -0.914241, 1.701379, -0.913821, 0.181973, -0.900630
0.350885, 6, 1.042333, -0.784935, -0.004534, 1.570824, -1.566265, -1.568484, -0.002414, 0.785056
0.338815, 7, -0.691470, 0.572514, 0.173741, 0.152521, -0.971301, -0.905421, 0.258452, 0.207082, -1.037698
0.326745, 7, -0.626967, -0.849467, 0.148327, -0.309109, 1.446975, -1.411344, 0.211763, 0.025063, -0.829812
0.314675, 7, -0.744051, -0.631207, -0.424974, 0.656774, -1.091770, -1.234487, 0.548580, -0.255862, 0.860975
0.302606, 7, -1.063033, -0.845785, 0.214771, -1.564808, -1.568338, 1.658206, 1.515182, -0.254005, -0.726754
0.290536, 7, 1.045132, 0.784489, -0.015002, 1.589475, -1.563385, -1.579119, 1.573053, -0.004947, 0.786189
0.278466, 8, -0.560683, -2.391480, 0.152675, -0.248394, 0.028792, 1.424112, 0.273767, -0.108968, 0.130203, -0.832389
0.266396, 8, -0.701311, 0.802645, -0.173387, 0.312402, -1.348609, 2.335241, -1.276538, 0.215462, 0.039613, 0.669697
0.254326, 8, 0.813835, 0.892636, -0.228810, 0.855458, -1.534958, 1.710293, -1.602310, 0.814696, -0.249556, -2.230015
0.242257, 9, 0.646464, 2.383556, 0.118679, -0.918761, 1.328073, -0.177141, -1.671409, 0.856042, 0.578444, -0.268768, 2.488749
0.230187, 9, -1.098035, 0.696650, -2.810109, -1.690652, 1.559495, -1.274614, 1.581958, 1.433367, -1.631628, 2.835304, 0.871441
0.218117, 9, 0.644911, 0.779889, -0.003647, -0.075779, -1.394209, 1.764478, 1.359400, -1.757368, 0.107331, 3.133191, -2.342704
0.206047, 10, -0.510760, 0.781811, 0.015540, -0.026671, -0.367880, 1.558522, -1.408353, -1.535272, 0.177688, 0.060256, -0.085767, -0.742487
0.193977, 10, 0.650615, -0.775345, 0.003669, -0.062334, -1.661742, 1.531725, 1.592697, 1.624598, -1.500258, 0.051278, -0.017159, 0.783851
0.181908, 11, 0.897539, -0.545666, 2.798791, -2.107784, -1.821783, 1.383691, -1.528068, -1.803624, 1.746366, 1.929787, -2.124656, -0.456808, 0.953934
0.169838, 11, 0.669218, 2.308704, 0.201336, -0.471825, -1.736338, 1.483885, 1.486805, 1.492455, -1.808131, -1.896636, -0.454531, 0.203524, 0.756649
0.157768, 12, -1.012271, 0.803816, 0.078520, -1.452835, -1.720352, 1.330818, -1.533031, -1.465712, 1.589494, 1.431236, 1.448595, 1.753177, 0.107052, -0.802994
0.145698, 13, 0.669236, -0.847746, -0.034418, 0.306135, -1.433255, -1.267857, 1.946180, 1.830960, 1.368125, -1.765692, -1.877515, 1.262693, -0.356304, 0.000135, -0.703002
0.133628, 14, 0.645049, 2.387095, 0.245479, -0.626504, 1.013208, 1.154187, 1.340781, 1.479628, -1.473552, -1.549040, -1.860092, 1.181799, 0.993923, -0.663506, 0.287131, 0.793744
0.121558, 15, -0.647458, -2.329121, 0.088900, -0.310967, 1.312199, 1.428267, 1.515713, 1.467650, -1.631451, -1.635238, -1.523800, -1.518852, 1.360685, 1.249193, -0.389127, 0.099800, -0.758052
0.109489, 16, 0.635477, -2.358041, -0.009833, 0.085117, -1.545738, 1.577222, 1.581257, -1.572679, -1.576176, 1.529759, 1.525540, -1.558954, -1.536402, 1.565757, 1.532010, -0.037348, 0.012670, 2.356296
0.097419, 18, 0.633011, -0.772434, -0.014786, -0.002443, -1.633864, -1.582720, 1.528293, 1.573705, -1.482063, -1.544148, -1.609802, 1.568568, 1.615191, -1.492249, 1.560996, 1.438937, 4.708448, 0.070418, -3.140571, 0.781476
0.085349, 20, -0.620745, -0.798333, -0.117116, 0.369475, -1.248231, 1.714141, 1.633080, -1.532583, -1.556217, -1.570560, 1.567296, 1.556899, 1.580569, 1.592834, -1.603873, -1.554673, -1.443676, -1.416814, 1.842701, 0.322291, -0.103930, -0.800154
0.073279, 23, 0.614749, -0.804650, -0.022673, 0.230048, -1.326958, 1.588816, 1.579432, -1.613235, -1.696018, -1.659245, 1.560178, 1.632215, -1.565174, -1.575436, 1.638919, 1.579467, -1.611282, -1.493765, -1.539560, 1.587910, 1.579994, 1.329214, -0.233797, 0.045509, -0.780298
0.061209, 28, 0.479012, -2.337235, -0.054133, 0.061006, -0.076035, -1.432774, 1.847019, 1.380466, -1.810859, -1.436861, -1.502329, -1.746695, 1.517948, 1.589124, 1.599419, 1.741857, 1.514703, 1.482009, -1.598963, -1.549793, -0.830656, -1.446682, 0.676391, 1.309027, 1.165599, -1.423208, 0.703182, -0.180695, 0.023945, -0.756375
0.049140, 34, 0.437655, 2.291536, 0.185409, -0.070092, -0.475993, 1.063544, 0.077038, -1.573045, -0.298352, -1.443950, 1.426724, 1.280908, 1.294241, -1.364405, -1.081196, -1.341862, -1.786200, -1.617304, -0.947539, -1.689892, -1.467705, 1.649413, 0.940535, 1.498727, 1.263683, 1.555253, 1.840705, 1.486128, 0.458044, 1.501185, -0.085062, -1.086258, 0.458347, 0.038434, 0.003225, 0.728788
0.037070, 44, 0.377074, -0.816847, 0.022631, 3.263852, -0.243427, 0.190178, -1.461694, -1.176027, 1.130453, 0.938421, 1.052933, -1.255581, -0.900501, -0.662045, 1.397345, 1.125458, -0.466384, -1.031745, -1.286335, 0.587872, 1.099055, 1.309863, -1.221603, -1.135381, -1.464384, 1.260823, 1.107874, 1.276118, -1.761372, -1.127683, -1.400271, 1.161899, 1.509141, 0.673623, -1.162776, -1.224114, 0.346974, 0.913469, 1.212120, -0.524838, -1.260603, -2.347100, 0.005967, 3.080205, 0.064808, -2.370098
0.025000, 65, -0.331462, -2.385281, -0.023693, 3.243615, -0.012757, 2.608965, -1.666293, -1.384549, 2.070820, 1.687741, 0.298231, -1.098959, -1.286442, 1.197012, 1.475281, 0.958236, -1.259171, -1.372935, 0.385361, 1.177442, 0.968574, -0.994516, -1.345374, 0.225615, 1.407751, 1.080073, -1.398192, -0.780823, -1.060665, 1.524027, 0.984617, -0.668826, -1.472919, -0.374802, 1.565889, 1.547391, -1.466263, -0.867858, -1.167943, 1.472450, 1.387952, -0.733200, -1.379513, -0.833774, 1.228953, 1.109277, -1.387401, -1.353864, -1.111429, 1.429460, 0.966610, -1.205256, -1.228525, -0.924939, 1.089413, 0.986715, -0.307438, -1.263716, -0.375054, 1.375324, 1.145608, -0.337669, -2.522360, -0.457511, 0.135946, -0.018363, 2.365308
