0.785398, 4, 1.562890, 2.358087, -0.779926, 1.591155, 0.781125, 0.769828
0.773328, 4, -0.822369, -2.506435, 0.279432, -0.222689, 0.279442, 0.635153
0.761259, 4, -1.511083, 2.384243, -0.754461, 1.587550, 0.754333, 0.747001
0.749189, 4, 1.473476, 0.835241, -0.736307, -1.570944, 0.732892, -0.832974
0.737119, 4, 0.782795, -0.783282, -0.004174, 0.003267, -0.003836, -0.783337
0.725049, 4, -5.498934, 0.803865, -0.035734, 0.030129, -0.035372, 0.803660
0.712979, 4, 1.391589, -0.718820, -0.677090, 1.587383, 0.679647, 0.707867
0.700909, 4, 0.787514, 0.744752, 0.081510, -0.062561, 0.062565, 0.753896
0.688840, 4, -0.786378, 0.788180, -0.007384, 0.001615, 0.002430, 0.783507
0.676770, 4, -1.536467, -0.794278, -0.790692, 1.578647, -0.790664, -0.794208
0.664700, 4, -0.787639, 2.356532, -0.000718, 0.000569, -0.000646, -0.785185
0.652630, 4, 0.788420, -0.784997, -0.000894, 3.142132, 3.141002, -0.785135
0.640560, 4, 0.789151, 0.787200, -0.003927, 0.003639, -0.003900, 0.787286
0.628491, 4, 1.139683, 0.700365, 0.396495, -1.571986, -0.395172, 2.444380
0.616421, 4, 1.086866, 2.417910, -0.258079, -1.572760, 0.256225, 0.726562
0.604351, 4, 1.046197, 2.357031, -0.003335, 1.572156, 0.001398, 0.785017
0.592281, 4, 1.047201, -0.785551, 0.000452, 1.570833, -0.000423, 0.785458
0.580211, 4, 1.047294, 0.785678, -0.001238, -1.569811, 0.000123, -0.785526
0.568142, 4, 1.047184, -0.785436, 0.000148, 1.570743, -0.000064, 0.785405
0.556072, 4, 1.047200, -0.785411, 0.000090, 1.570781, -0.000097, 0.785419
0.544002, 5, 0.629216, 3.905536, 0.040614, -0.036079, 0.029760, -0.024511, 0.797474
0.531932, 5, 1.154704, -0.467135, -0.552153, 0.988107, 0.988899, -0.551412, 1.103403
0.519862, 5, 1.135967, 0.478441, 0.542944, -0.989831, -0.990003, 0.542875, -1.092390
0.507792, 5, -0.631375, -0.785519, 0.000440, -0.001041, 0.001274, -0.001041, -0.784897
0.495723, 5, -1.090040, -0.980771, 0.556939, 1.897795, 1.248267, -0.560627, -0.588725
0.483653, 5, -1.083109, 2.630766, -0.514350, 0.990442, 0.990495, -0.514329, 1.059879
0.471583, 5, 1.075548, 0.645457, 0.441097, -1.334532, -1.805509, -0.442115, 0.928033
0.459513, 5, -1.048783, -2.359124, 0.046844, 1.511541, -1.623311, 0.064972, -2.354265
0.447443, 5, -1.046997, 0.784676, -0.013775, -1.551618, 1.585806, -0.020508, 0.786826
0.435374, 5, 1.045958, -0.785187, -0.000193, -1.571269, 1.570552, 0.000809, -0.785510
0.423304, 5, -1.045297, -0.785457, 0.000191, 1.570911, -1.570907, -0.000173, -0.785354
0.411234, 5, -1.044706, -0.785474, 0.000214, 1.570890, -1.570885, -0.000217, -0.785344
0.399164, 6, 0.732035, 0.669485, 0.324143, -0.823634, 1.230700, -0.842340, 0.335664, 0.666733
0.387094, 6, 0.762913, 0.868453, -0.227125, 0.860680, -1.408295, 0.843530, -0.220814, 0.863192
0.375025, 6, 0.724299, 0.797222, -0.017401, -0.024817, -1.579512, 0.036546, 0.004377, -0.787418
0.362955, 6, 1.059603, -0.854374, 0.230931, -1.456599, -1.608353, 1.443346, -0.182339, 0.854551
0.350885, 6, 1.042096, -0.784328, -0.004959, 1.571087, -1.569330, -1.570344, 0.002799, 0.784751
0.338815, 6, -0.843710, 2.464909, -0.176234, 0.913370, -1.709200, 0.913382, -0.176225, -0.676683
0.326745, 6, 1.034805, -0.785745, -0.000391, -1.569694, 1.572905, 1.570983, -0.003084, 0.785838
0.314675, 7, -0.732551, -2.404062, 0.212530, -0.524347, 1.207492, 1.076193, -0.618202, 0.413209, -0.933268
0.302606, 7, 0.738535, 0.683761, 0.316724, 2.537870, -1.973474, -1.967925, -0.595858, 0.315354, 2.254488
0.290536, 7, 0.745207, -2.460564, 0.316510, -0.619583, 1.193387, 1.193552, -0.619442, 0.316292, -0.889689
0.278466, 7, -1.043152, -0.785322, -0.000465, -1.570961, 1.570933, -1.570528, 1.570728, 0.000251, -0.785463
0.266396, 8, 0.563613, 0.806175, -0.148702, 0.249874, -0.229313, -1.340093, -0.234970, 0.246487, -0.148732, -0.764033
0.254326, 8, 0.811813, -0.684738, -0.196311, 0.858580, 1.558498, -1.502868, -1.579384, 0.856662, -0.197305, -0.684550
0.242257, 8, 1.035844, -0.784306, -0.000810, 1.565142, -1.570812, -1.568930, -1.570202, 1.574588, 0.000224, 0.784421
0.230187, 9, 0.734513, -0.727267, -0.260639, -2.286267, -4.298716, -4.513897, -5.062585, -1.979588, -0.790629, 0.436524, -0.937199
0.218117, 9, -0.706784, 0.875020, -0.261537, 0.589293, -1.501645, 1.562213, 1.893823, -1.178791, 0.585401, -0.257386, 2.409525
0.206047, 9, 0.664206, -0.818930, 0.129636, -0.289996, 1.307876, -1.832255, 1.829304, -1.307415, 0.293390, -0.132076, -0.750379
0.193977, 10, -0.742207, -0.722777, -0.201024, 0.661484, -1.463854, 1.698497, -1.573210, 1.759365, -1.449373, 0.644640, -0.192854, -0.729245
0.181908, 10, 0.759644, -0.719044, -0.192343, 0.734516, -1.491043, 1.680621, 1.571190, -1.486716, -1.497134, 0.741798, -0.194607, 2.424648
0.169838, 11, 0.644315, -0.809721, 0.112590, -0.257604, 1.322439, 1.392540, -1.514707, -1.511429, 1.713077, -1.390670, 0.251902, -0.129267, -0.749849
0.157768, 12, -0.683463, 0.808842, 0.264275, -0.732397, 1.072988, 1.239620, -1.720292, -1.742839, -1.802128, 1.182884, 1.059155, -0.740160, 0.298136, -0.772694
0.145698, 12, 0.707810, 2.318720, 0.177835, -0.596619, 1.415905, -1.708591, 1.556526, 1.540703, -1.591055, -1.724856, 1.411971, -0.590814, 0.176757, -0.821245
0.133628, 13, -0.663354, -0.806502, 0.174545, -0.464489, 1.278624, -1.761220, -1.580842, 1.559817, 1.569102, 1.573279, -1.760013, 1.291049, -0.440561, 0.165734, 0.765629
0.121558, 14, -0.638405, -2.356803, 0.001579, 0.006150, 1.563882, 1.560520, -1.559632, -1.560129, -1.574339, 1.555261, 1.554205, -1.565507, -1.557185, 0.006138, -0.002137, 2.357127
0.109489, 16, 0.635204, 0.785073, 0.007068, -0.011632, 1.536715, -1.580564, -1.552438, -1.576693, 1.564257, 1.551503, 1.547567, 1.592711, -1.516001, -1.534147, 1.557840, -0.006186, -0.012618, -0.781653
0.097419, 17, -0.628631, 2.354528, 0.005527, 3.137069, 1.550645, -1.581792, 1.578008, 1.575607, -1.562256, -1.573937, 1.579885, 1.580055, -1.594714, -1.585850, 1.577998, -1.555577, -3.124848, -0.006337, -0.783219
0.085349, 19, 0.628205, 0.783714, 0.003933, -0.006725, 1.566614, 1.566139, -1.564167, -1.565886, 1.559365, -1.575801, -1.564603, 1.572716, 1.573599, -1.566040, 1.572176, 1.574498, -1.568240, -1.574167, -0.000764, -0.000859, 0.785167
0.073279, 22, -0.607663, 0.766887, -0.097570, 0.330787, -1.246251, 1.686736, 1.651492, -1.547177, -1.563769, 1.581016, 1.584347, -1.567023, 1.554437, 1.573131, 1.580413, -1.553831, -1.544381, -1.532494, -1.496973, 1.673269, -1.252096, 0.324846, -0.095945, 0.766661
0.061209, 26, 0.603282, 0.824457, 0.033962, -3.206954, 1.522001, 1.342078, -1.895683, -1.586772, 1.563549, 1.547572, -1.609742, 1.530186, 1.583059, -1.554834, -1.514571, 1.596568, 1.621217, -1.584042, -1.640709, 1.573611, -1.562694, -1.564364, 1.460751, -1.762686, -1.964055, 2.744870, 3.259862, -2.330199
0.049140, 32, 0.476914, -0.790587, -0.023295, 0.140187, -0.352271, 1.491346, 1.394965, 1.486214, -1.670303, -1.469478, -1.504072, 1.573736, 1.588731, 1.514389, -1.587801, -1.556281, -1.551903, 1.598456, 1.551823, 1.543109, 1.645071, -1.523892, -1.666406, -1.660153, 1.545096, 1.563720, 1.627398, -1.521449, -1.422138, -1.476778, 0.402675, -0.135924, 0.038876, -2.363676
0.037070, 42, 0.404351, -2.307918, -0.021739, -0.057915, -0.256323, 0.821992, 1.858525, 1.739580, 1.263696, -1.399157, -1.228879, -0.926310, -1.343550, -1.227780, 1.576241, 0.778465, 1.362379, 0.392836, -1.535480, -0.522614, -1.614456, -1.661065, 1.413699, 0.597239, 1.453450, -0.802278, -1.373492, -1.051064, -1.069377, 1.648271, 0.831506, 1.449200, -1.355269, -1.583154, 1.569825, 1.107999, 1.148930, 1.818091, -1.464854, -2.416759, -0.001021, -0.006233, -0.015204, 0.837657
0.025000, 61, -0.331745, -5.479962, -3.240857, 0.072758, -3.202655, 0.189354, 5.655845, 4.840766, 2.324585, 1.650485, -1.047158, -4.779935, -3.479447, 1.659534, 4.626637, 1.718187, 1.565488, 1.387547, -0.678702, -4.395988, -3.886781, -0.816186, 1.498234, 0.944151, 1.444092, 1.771649, 0.911421, -1.981256, -2.763167, -1.205947, -0.924373, -0.630965, 1.325852, 0.888872, 0.901552, -1.471884, -1.347930, -1.810077, -1.340796, -1.419850, 1.009071, 0.812423, 1.441440, -0.797442, -1.384312, -1.249141, -1.831891, -1.851578, -0.141991, 1.848991, 0.941281, 1.781641, -0.509088, 0.538753, 1.148999, -1.704572, -1.394886, 1.404164, 3.695100, -0.409017, 0.114791, -0.054389, 5.548841
