0.785398, 4, 5.444101, 0.963629, -0.328747, 0.257581, -0.328390, 0.963375
0.773328, 4, -1.541535, -0.765008, -0.771624, -1.575604, 0.773572, 0.768961
0.761259, 4, -1.503919, -0.748600, -0.745367, 1.555054, 0.746530, -2.378643
0.749189, 4, -0.782936, 0.762185, 0.043930, -0.036127, 0.043913, 0.762099
0.737119, 4, -1.554735, -0.792210, -0.788105, 1.582347, -0.787918, -0.792208
0.725049, 4, 1.422420, 2.281577, 0.703709, -1.551527, -0.702908, -2.297660
0.712979, 4, -1.547270, 0.793828, 0.789116, -1.583179, 0.789090, 0.793836
0.700909, 4, -0.791232, 0.725963, 0.116163, -0.094305, 0.100039, 0.735162
0.688840, 4, 0.786264, -0.774623, -0.021151, 0.014964, -0.016179, -0.778872
0.676770, 4, -7.070245, 0.791095, -0.012581, 0.011405, -0.012582, 0.791206
0.664700, 4, 0.787686, -0.782772, -0.005301, 0.004311, -0.004113, -0.783417
0.652630, 4, -0.788416, 0.785358, 0.000060, 0.000033, -0.000112, 0.785449
0.640560, 4, -0.789157, -0.785355, -0.000079, 0.000079, -0.000061, -0.785360
0.628491, 4, 1.048094, -0.785202, -0.003651, -1.567092, 0.000257, -2.357108
0.616421, 4, -1.046925, 0.788463, 0.008323, -1.585641, 0.002022, -0.783271
0.604351, 4, 0.791300, 0.785391, 0.000039, -0.000015, -0.000001, 0.785400
0.592281, 4, 1.047488, 2.361323, -0.020718, 1.571459, 0.019843, 0.780307
0.580211, 4, 1.047214, 0.785405, -0.000017, 1.570815, -0.000002, -0.785325
0.568142, 4, 1.047196, 0.785389, 0.000093, 1.570820, -0.000105, -0.785369
0.556072, 4, 1.047183, 0.785402, 0.000060, -1.570800, -0.000055, -0.785359
0.544002, 4, 1.047200, 0.785398, 0.000020, 1.570796, 0.000003, -0.785424
0.531932, 4, 1.047194, 0.785399, 0.000022, 1.570780, -0.000006, -0.785392
0.519862, 5, -1.135747, -0.478440, -0.542705, -2.151692, -2.151926, -0.542871, -2.049128
0.507792, 5, 0.631384, 0.785800, -0.000952, 0.001265, -0.001345, 0.001173, 0.784865
0.495723, 5, 1.099827, 1.070563, -0.523985, 0.990679, 0.990758, -0.523912, -0.500290
0.483653, 5, -1.083160, -2.081602, -0.514406, 0.990327, 0.990511, -0.514236, -0.510879
0.471583, 5, -1.067487, -0.521157, -0.504624, 0.989808, 0.989660, -0.504832, -2.091858
0.459513, 5, 1.053103, 0.530851, 0.495324, -0.988703, -0.988713, 0.495328, -1.039936
0.447443, 5, -1.046553, 0.786121, -0.014404, 1.582773, -1.558735, -0.009616, 0.784658
0.435374, 5, 1.046020, 0.784580, -0.005398, 1.579987, -1.563750, -0.010719, 0.786143
0.423304, 5, 1.045285, -2.356259, 0.000236, 1.571132, -1.570838, -0.000526, 0.785563
0.411234, 5, -1.044712, 0.785345, 0.000310, 1.570925, -1.571019, -0.000208, 0.785491
0.399164, 5, -1.044129, 2.356196, -0.000063, -1.570821, -1.570764, 0.000050, -0.785415
0.387094, 6, -0.763005, -0.688197, -0.260277, 0.857382, -1.389427, 0.860352, -0.250229, -0.693565
0.375025, 6, 1.095953, 0.930607, -0.504039, 1.355124, -1.410069, 1.822031, 0.299026, -0.928633
0.362955, 6, 0.844288, -0.907548, 0.197508, -0.916933, 1.699905, -0.921894, 0.189142, -0.903622
0.350885, 6, 0.842982, -2.469112, 0.181611, -0.913417, 1.704659, -0.915088, 0.179295, 0.673624
0.338815, 6, -1.038292, -0.785354, 0.000238, 1.570345, -1.570787, 1.571226, -0.000104, 0.785385
0.326745, 6, -1.034762, -0.785328, -0.000018, -1.570862, -1.570934, -1.570835, 3.141872, 0.785371
0.314675, 6, 1.031402, 0.785616, -3.142375, 1.570584, -1.570787, 1.571146, 0.000653, -0.785613
0.302606, 7, 0.632269, -0.795604, 0.015853, -0.070933, -1.496436, 1.641197, -0.091021, 0.026031, -0.800084
0.290536, 7, 0.745832, -0.679925, -0.318425, 0.621096, -1.193980, -1.194399, 0.620774, -0.317978, 0.890711
0.278466, 7, 0.752079, -0.678531, -0.316697, 0.639859, -1.216853, -1.217026, 0.639691, -0.316523, 0.892191
0.266396, 7, 1.041440, 0.785726, -0.000502, -1.571324, 1.569904, -1.571160, 1.571911, 0.001188, 0.785031
0.254326, 8, -0.804131, -0.880135, 0.192874, -0.786049, -1.568279, 1.378797, 1.564477, -0.788657, 0.199087, -0.881839
0.242257, 8, 1.035839, -0.784082, -0.001223, -1.573713, 1.566693, 1.569596, 1.576683, -1.564558, -0.002711, -2.357254
0.230187, 8, -1.028817, 0.785359, 0.000092, -1.570857, 1.570817, 1.570933, 1.570745, -1.570873, -0.000079, -0.785389
0.218117, 9, 0.629844, 0.785383, -0.001625, 0.031553, -1.591032, 1.535293, 1.599332, -1.546298, -0.028331, 0.000263, 0.786274
0.206047, 9, -0.646894, 0.800404, -0.013045, 0.106848, 1.384716, -1.778702, -1.362062, 1.756698, -0.107179, 0.012141, 0.770883
0.193977, 10, 0.754497, -2.397071, 0.157571, -0.657034, 1.461254, -1.834909, 1.547917, 1.575878, -1.604520, -0.727041, 0.188565, -2.426040
0.181908, 10, -0.759804, 0.719112, 0.190020, -0.739863, 1.495670, -1.661775, 1.572830, 1.471970, -1.648690, -0.738686, 0.188828, -2.421381
0.169838, 11, 0.631534, -0.773734, -0.006214, 0.033774, 1.467603, 1.470759, -1.539333, 1.600429, -1.524255, -1.510199, 0.010902, -0.020043, -0.780924
0.157768, 11, 1.037317, 0.791675, -0.027867, 1.528633, -1.527171, -1.524856, 1.538545, 1.548691, -1.573267, -1.575524, 1.595405, 0.017461, 0.779280
0.145698, 12, 0.707034, 0.819539, -0.173150, 0.589029, -1.412676, -1.416423, 1.590317, 1.589874, 1.583924, -1.418984, -1.411283, 0.589759, -0.173179, 0.819696
0.133628, 13, -0.663408, 0.805888, -0.168211, 0.450206, 1.857490, -1.374271, -1.597719, 1.539161, 1.615716, -1.523752, -1.388379, 1.845791, 0.451986, -0.171016, -0.765347
0.121558, 14, -0.673721, 0.801566, -0.156781, 0.490540, -1.366352, -1.416169, -1.533020, -1.532201, -4.702756, -4.689495, -1.531701, -1.409104, 1.777215, 3.635198, -0.156869, -2.340226
0.109489, 15, 0.628880, 0.786174, -0.000173, -0.004237, 1.568727, -1.578488, -1.570168, -1.567581, -1.558309, 1.581125, 1.550786, 1.558364, 1.580664, -1.563713, 0.004173, -0.003451, 0.786928
0.097419, 17, -0.628459, -0.788264, 3.149548, -0.013615, -4.709176, -1.575514, 1.551739, 1.567768, -1.571375, -1.575467, 1.587379, 1.580438, -1.572339, -1.566124, -1.574039, -1.571463, 0.016275, -0.006081, 2.357852
0.085349, 19, 0.630955, 0.795147, 0.115921, -0.365606, 1.300842, 1.424572, 1.492726, -1.596642, -1.582474, -1.573850, -1.581394, -1.574597, -1.569691, -1.590528, -1.612193, -1.650345, 1.434535, 1.299948, -0.368969, 0.116497, 2.366348
0.073279, 22, -0.630051, 0.783233, 0.000048, 3.152270, 1.575048, -1.561803, -1.562303, 1.569868, 1.567822, 1.565792, -1.573916, -1.573228, 1.573025, 1.571365, -1.571179, -1.574862, 1.569403, 1.582302, -1.561287, -4.715961, -1.592115, 3.128488, 0.004956, -0.786287
0.061209, 25, -0.625137, 0.787406, -0.002554, 0.036531, -1.552340, -1.640984, 1.504231, 1.592164, 1.613363, 1.588200, -1.570873, -1.570228, 1.578169, 1.556927, 1.550339, -1.567269, -1.556404, 1.629220, 1.620108, 1.500003, 1.497874, -1.549458, 1.592264, -1.574993, 0.008264, -0.002721, 0.787070
0.049140, 31, -0.534800, 16.515531, -6.226018, 5.984856, 13.470319, 1.698397, -7.715957, -17.344115, 4.658421, 10.983244, 1.565383, 4.636700, -4.791076, -17.265705, -4.706506, 1.639798, 4.775262, 7.883820, 4.738849, -4.740551, -17.290736, -7.859277, 1.574166, 1.533405, 10.958327, 4.652099, -14.218686, -7.716499, -1.440662, 10.336668, 9.127168, -6.226026, 18.086084
0.037070, 41, 0.374793, -0.728809, -0.045710, 0.034570, -0.061772, 0.221655, -1.734792, 0.876336, 1.222471, 0.992076, -1.543670, -1.105301, -1.319163, -1.110073, -1.341047, 1.133777, 1.448403, -0.066176, 1.214163, 1.065527, -0.706034, -1.209727, -0.487406, -1.561793, 0.951574, 1.358064, 1.011990, 1.205907, 1.173314, -1.410129, -1.203016, -1.188963, -1.120265, -1.010706, 1.484499, 1.252978, 1.252359, 1.477602, 0.452216, -0.066410, -0.065396, 0.032364, -2.346744
0.025000, 59, 0.358312, 5.540115, -3.198623, 0.190871, -0.790223, 1.000644, 2.314172, -1.924729, -1.148048, -0.945470, 2.251070, -1.925138, -1.805003, -0.342799, 1.667428, -0.375824, -1.661470, -0.796965, 1.540923, -0.117406, -1.734961, 0.215587, 1.479159, 0.957154, -1.597805, -0.145399, 1.434761, 0.852179, -1.278721, -0.738025, 1.595428, 1.067248, -1.420163, -0.948194, 1.563327, 1.110273, -1.489471, -1.277002, 1.561010, 1.374161, -1.494089, -1.448931, 1.499217, 1.521635, -1.464135, -1.594468, 1.385381, 1.593517, -1.332860, -1.639950, 1.264108, 1.672027, -1.262971, -1.843786, 1.153843, 1.045280, -0.624635, -2.717917, 2.978586, 0.010832, 0.813760
