0.785398, 4, 1, 4, -1.558221, 0.778016, 0.778160, 1.564196, -0.780351, -0.771653
0.773328, 4, 1, 4, -1.540011, -0.798935, 0.770095, 1.557185, -0.774193, 0.808153
0.761259, 4, 1, 4, -1.512272, -0.751408, -0.757451, -1.579790, 0.751713, -2.381486
0.749189, 4, 1, 4, -1.485819, 0.830987, -0.737049, -1.586015, 0.738920, -0.816691
0.737119, 4, 1, 4, 1.482352, 0.825229, 2.403563, 7.849593, 0.740396, -3.965524
0.725049, 4, 1, 4, -1.424463, 2.285175, 0.706249, -1.556261, -0.702806, 0.844254
0.712979, 4, 1, 4, 1.393502, -0.708489, -0.674979, -1.585600, 0.676010, 0.715139
0.700909, 4, 1, 4, -0.783246, 0.785398, -0.000000, -0.000000, -0.000000, 0.785398
0.688840, 4, 1, 4, -1.311559, 0.694297, 0.615161, -1.571555, -0.614449, -0.692804
0.676770, 4, 1, 4, -1.276926, 0.874926, -0.584555, -1.562728, 0.581525, -0.886516
0.664700, 4, 1, 4, 5.017327, 2.266552, 0.563048, -1.576487, -3.706838, -5.398632
0.652630, 4, 1, 4, 1.230035, -0.881859, 0.527305, 1.566382, -0.523694, -2.258247
0.640560, 4, 1, 4, 1.137580, -0.696591, -0.391132, 1.568918, 0.391944, 0.697597
0.628491, 4, 1, 4, 1.146434, -0.700829, -0.395492, -1.575237, 0.398000, 0.700118
0.616421, 4, 1, 4, 1.059301, -0.758772, -0.118017, -1.559619, 0.110710, 0.753530
0.604351, 4, 1, 4, -1.046117, 0.790646, -0.019158, 1.571668, 0.017823, 2.351252
0.592281, 4, 1, 4, 1.047531, -0.784308, -0.005140, -1.570673, 0.004858, 0.784169
0.580211, 4, 1, 4, -1.047246, -0.785317, -0.000309, 1.570841, 0.000261, 0.785315
0.568142, 4, 1, 4, 1.047217, -0.785343, -0.000093, -1.570751, 0.000064, 0.785376
0.556072, 4, 1, 4, 1.047216, 2.356205, -3.141600, -4.712438, 0.000029, -2.356194
0.544002, 4, 1, 4, -1.047198, 2.356192, -0.000010, 1.570800, 0.000010, 0.785396
0.531932, 4, 1, 4, -1.047194, -0.785395, -0.000012, -1.570797, 0.000005, 0.785396
0.519862, 4, 3, 12, 1.047198, 0.785401, -0.000004, 1.570793, 0.000009, -0.785397
0.507792, 4, 3, 12, -1.047192, 2.356195, -3.141581, 4.712362, -3.141583, -2.356206
0.495723, 4, 3, 12, -1.047197, 2.356193, 0.000006, 1.570794, -0.000005, 0.785400
0.483653, 4, 3, 12, -1.047202, -0.785399, -0.000011, 1.570786, 0.000019, 0.785395
0.471583, 4, 3, 12, -1.047196, 0.785399, 0.000000, -1.570797, -0.000004, -0.785397
0.459513, 4, 4, 16, -1.047198, 0.785398, -0.000002, -1.570795, 0.000001, -0.785399
0.447443, 4, 4, 16, 1.047199, -0.785401, 0.000005, -1.570798, -0.000002, -2.356193
0.435374, 4, 5, 20, -1.047198, 0.785398, -0.000001, -1.570794, -0.000001, -0.785398
0.423304, 4, 4, 16, 1.047197, 0.785398, 0.000001, 1.570796, -0.000001, -0.785398
0.411234, 4, 5, 20, -1.047198, 0.785398, -0.000002, -1.570797, 0.000002, -0.785399
0.399164, 4, 6, 24, 1.047198, -0.785396, -0.000007, -1.570797, 0.000010, 0.785396
0.387094, 4, 5, 20, -5.235987, 0.785398, -0.000005, -1.570795, 0.000003, -0.785399
0.375025, 4, 4, 16, -1.047198, 0.785398, 0.000001, 1.570796, 0.000000, -0.785399
0.362955, 4, 8, 32, -1.047199, -0.785398, -0.000001, 1.570798, 0.000002, -2.356194
0.350885, 4, 6, 24, 1.047197, -2.356195, -3.141592, -1.570796, 3.141592, -0.785398
0.338815, 4, 7, 28, -1.047197, 2.356195, -0.000000, 1.570797, -0.000001, 0.785399
0.326745, 4, 7, 28, -1.047197, -0.785398, -0.000002, -1.570798, 0.000003, 0.785397
0.314675, 4, 7, 28, -1.047199, 0.785399, -0.000002, 1.570797, 0.000001, -0.785398
0.302606, 4, 7, 28, -1.047198, 0.785398, -0.000003, -1.570796, 0.000003, -0.785399
0.290536, 4, 6, 24, -1.047197, 0.785398, 0.000001, -1.570796, -0.000001, 2.356195
0.278466, 4, 8, 32, -1.047195, -0.785398, -0.000006, 1.570796, 0.000006, 0.785398
0.266396, 4, 10, 40, 1.047197, -0.785399, 0.000007, -1.570800, -0.000003, 0.785398
0.254326, 4, 11, 44, -1.047197, 2.356196, -0.000004, 1.570795, 0.000004, 0.785397
0.242257, 4, 11, 44, -1.047199, -0.785398, -0.000003, -1.570793, -0.000001, 0.785398
0.230187, 4, 11, 44, 1.047198, 0.785397, 0.000003, -4.712390, -0.000002, 2.356194
0.218117, 4, 12, 48, -1.047199, -2.356192, 0.000001, -1.570799, 0.000001, -0.785395
0.206047, 4, 15, 60, -1.047197, -0.785399, -0.000000, 1.570799, -0.000002, 0.785398
0.193977, 4, 16, 64, -1.047197, 0.785398, -0.000004, -1.570794, 0.000004, -0.785398
0.181908, 4, 21, 84, -1.047196, -0.785399, 0.000000, -1.570794, -0.000000, 0.785398
0.169838, 4, 21, 84, -1.047197, 0.785398, -0.000000, -1.570796, -0.000001, -0.785399
0.157768, 4, 23, 92, -1.047198, -2.356194, 0.000000, 1.570796, -0.000001, 2.356195
0.145698, 4, 28, 112, 1.047198, 0.785395, 0.000005, -1.570796, -0.000006, -0.785398
0.133628, 4, 30, 120, 1.047197, -0.785398, -0.000000, -1.570797, -0.000000, 0.785398
0.121558, 4, 33, 132, -1.047203, -3.926989, -0.000006, 1.570805, -0.000005, 0.785396
0.109489, 4, 45, 180, 1.047195, 0.785392, -0.000014, -1.570792, 0.000007, -0.785401
0.097419, 4, 58, 232, 1.047198, -0.785398, 0.000001, 1.570797, -0.000001, 0.785399
0.085349, 4, 58, 232, 1.047188, 0.785389, -0.000004, 1.570807, -0.000002, 2.356205
0.073279, 4, 100, 400, 1.047195, -2.356186, 0.000000, 1.570798, 0.000001, -0.785409
0.061209, 4, 135, 540, 1.047219, -0.785413, 0.000064, -1.570829, -0.000055, 0.785409
0.049140, 4, 193, 772, 1.047200, 0.785404, -0.000015, -1.570800, 0.000023, -0.785393
0.037070, 4, 301, 1204, 1.047179, 0.785398, -0.000029, -1.570788, -0.000005, -0.785387
0.025000, 4, 643, 2572, 1.047222, 0.785354, 0.000150, 1.570721, -0.000037, -0.785277
